91 178
89 215
89 253
94 290
110 323
135 351
164 372
198 390
229 393
255 388
273 366
290 342
305 316
315 287
321 255
325 223
325 193
133 168
153 154
178 150
202 155
225 165
267 168
284 161
302 158
317 162
324 176
244 186
246 209
248 232
249 255
218 268
230 271
242 275
253 272
262 267
163 185
177 179
192 180
204 188
189 190
175 190
267 190
281 181
295 182
304 190
295 194
281 192
187 306
208 305
227 304
240 307
252 304
263 305
275 305
264 318
253 323
240 325
226 325
207 319
193 306
226 310
240 312
252 309
269 306
253 307
240 310
227 308
