98 200
99 230
103 260
111 290
125 318
143 341
163 361
186 375
213 378
237 375
257 359
273 338
286 314
296 287
304 261
308 233
309 205
125 178
138 162
159 156
181 159
201 167
238 170
255 164
273 164
289 168
298 183
218 198
218 219
218 239
219 261
185 267
199 271
215 276
230 273
245 269
146 196
158 189
172 189
185 200
171 202
157 201
246 203
258 195
272 195
282 203
272 207
259 207
167 307
184 297
203 293
214 296
225 294
241 299
253 311
240 325
225 331
213 332
201 331
183 323
173 307
202 304
214 305
225 305
246 311
225 315
214 316
202 314
