543 279
543 287
544 294
547 302
550 309
553 316
557 322
562 326
569 327
577 325
585 320
591 315
597 308
601 300
603 291
604 283
605 273
545 275
548 273
553 274
558 275
562 277
572 275
577 272
583 269
590 268
596 269
567 281
567 287
566 293
566 300
561 301
564 303
567 304
571 302
575 300
549 282
551 280
555 279
559 281
555 282
551 283
579 279
582 276
587 275
591 276
587 278
583 279
558 311
561 311
564 310
567 311
570 310
575 310
580 309
575 312
571 314
567 315
564 315
561 314
559 311
564 312
567 313
570 312
578 309
570 310
567 310
564 311
