666 259
667 266
668 273
671 281
674 288
679 294
684 299
690 303
699 304
707 302
715 297
722 291
728 284
731 276
732 267
731 258
731 249
668 253
670 249
675 248
680 248
685 249
692 247
698 244
704 243
711 242
717 245
691 255
691 260
691 265
691 270
688 275
690 276
693 276
696 275
699 274
674 259
677 257
681 256
684 258
681 259
677 260
701 255
704 253
708 252
711 253
708 255
705 255
684 284
688 282
691 281
694 281
697 280
701 280
706 281
702 285
698 287
694 287
691 288
688 287
686 284
691 283
694 283
697 283
704 282
697 283
694 284
691 284
