594 108
594 127
594 147
597 166
607 182
619 195
634 206
648 214
664 215
679 212
689 204
699 196
708 185
715 172
719 156
720 140
721 125
618 94
629 86
642 85
655 87
666 92
683 95
693 92
702 93
711 96
715 103
676 109
677 117
678 125
679 133
659 146
667 148
674 149
681 149
687 148
631 106
640 100
649 101
655 110
648 110
639 109
685 114
693 107
701 108
706 115
701 117
693 116
648 174
656 166
666 164
672 166
678 166
684 171
686 181
681 185
675 187
668 187
662 186
653 181
651 173
665 169
671 170
677 171
683 179
676 179
670 179
664 177
