173 269
174 278
175 286
177 295
181 303
188 308
197 312
207 316
216 316
224 314
231 310
237 305
241 299
243 291
244 283
244 276
244 268
180 257
185 253
192 252
200 252
206 255
217 256
224 254
230 254
235 256
239 259
212 265
213 271
214 277
216 284
207 288
211 289
215 290
218 289
222 287
188 266
192 264
197 264
202 267
197 268
192 268
221 268
225 265
230 266
234 268
230 269
225 269
200 296
207 296
212 295
216 296
219 295
224 295
230 295
224 297
220 297
216 298
213 297
207 297
202 296
212 299
216 299
219 298
228 296
219 294
216 294
213 294
