381 284
382 291
383 299
386 306
389 312
395 317
402 321
409 325
417 325
424 324
430 319
435 313
438 306
439 299
440 292
441 284
440 277
388 278
393 275
399 273
405 273
411 275
418 274
422 272
427 271
432 271
436 274
415 279
415 284
416 289
416 294
410 298
413 299
417 300
420 298
422 297
395 283
398 281
402 280
405 282
402 283
398 284
422 281
425 279
429 279
431 280
429 282
425 282
405 308
410 305
414 304
417 304
420 303
424 305
428 307
424 310
421 311
418 311
414 311
410 311
407 308
414 307
417 307
420 307
426 307
420 307
417 308
414 308
